
strategic_region={
	id=11
	name="STRATEGICREGION_11"
	provinces={
		25 32 47 55 73 110 135 160 185 187 246 258 267 273 282 305 320 321 344 356 377 379 389 413 423 452 486 495 501 506 511 571 585 588 630 634 686 749 779 787 801 851 896 928 944 953 966 1106 1133 1139 1145 1154 1162 1200 1212 1222 1251 1259 1283 1295 1298 1313 1395 1406 1463 1474 1496 1557 1599 1614 1650 1678 1715 1850 1911 1916 1917 1970 2028 2041 2056 2094 2098 2152 2156 2186 2194 2201 2263 2288 2351 2389 2405 2423 2445 2463 2466 2476 2540 2543 2544 2653 2745 2778 2875 2904 2950 2976 3007 3016 3024 3101 3148 3203 3221 3228 3236 3289 3297 3299 3350 3357 3377 3447 3506 3532 3548 3557 3570 3596 3648 3703 3733 3755 3768 3811 3819 3820 3841 3849 3858 3964 3966 4013 4045 4051 4088 4095 4168 4176 4199 4202 4203 4206 4209 4223 4265 4309 4326 4341 4346 4351 4386 4404 4511 4526 4551 4597 4599 4602 4680 4684 4788 4807 4808 4842 4957 4958 4993 5001 5015 5030 5053 5093 5111 5123 5144 5196 5205 5224 5261 5270 5282 5323 5356 5370 5387 5395 5399 5420 5441 5476 5497 5500 5583 5584 5588 5597 5650 5666 5669 5675 5701 5703 5755 5763 5764 5771 5820 5842 5854 5887 5900 5913 5943 6051 6226 6245 6252 6368 6409 6436 6555 6580 6609 6633 6649 10207 10208 10222 10271 10295 10301 10309 10311 10317 10325 10352 10366 10373 10414 10464 10490 10507 10519 10561 10589 10599 10606 10622 10627 10642 10646 10647 10669 10673 10676 10684 10685 10716 10718 10725 10726 10731 10732 10746 10758 10759 10768 10773 10774 10778 10794 10811 10816 10817 10818 10821 10830 10833 10836 10843 10846 10852 10853 10857 10865 10870 10876 10882 10887 10897 10898 10900 10901 10902 10908 10910 10915 10919 10920 10924 10925 10930 10932 10935 10939 10944 10945 10946 10951 10961 10963 10965 10969 10970 10977 10983 10985 10986 10993 10995 10999 11004 11006 11007 11009 11011 11018 11019 11025 11026 11027 11032 11033 11039 11040 11044 11051 11054 11055 11066 11067 11068 11078 11079 11089 11092 11096 11102 11103 11110 11118 11125 11128 11129 11133 11134 11135 11139 11143 11144 11161 11167 11170 11176 11178 11183 11191 11206 11212 11215 11220 11223 11225 11228 11233 11234 11245 11259 11274 11298 11312 11317 11339 11342 11346 11347 11355 11364 11372 11377 11385 11801 
	}
	weather={
	}
}
