
strategic_region={
	id=13
	name="STRATEGICREGION_13"
	provinces={
		63 104 124 184 216 231 241 315 366 496 526 609 680 728 925 949 997 1123 1144 1242 1265 1312 1427 1432 1829 1901 1961 2108 2139 2155 2235 2239 2305 2312 2323 2364 2402 2409 2440 2465 2485 2558 2564 2572 2590 2632 2635 2659 2754 2755 2892 3036 3054 3201 3227 3244 3329 3416 3453 3508 3543 3589 3630 3636 3971 3980 4077 4180 4201 4204 4244 4278 4439 4500 4508 4509 4521 4532 4587 4623 4690 4750 5075 5138 5159 5253 5268 5275 5324 5333 5348 5365 5378 5383 5470 5498 5510 5533 5656 5672 5710 5739 5780 5784 5826 5827 5966 6060 6083 6088 6089 6096 6229 6242 6281 6297 6302 6306 6355 6430 6437 6453 6474 6519 6530 6582 6610 6628 8803 8807 8826 8850 8867 8899 8900 8909 8910 8932 8945 8951 8976 8984 8985 9001 9005 9009 9015 9026 9028 9040 9048 9055 9056 9061 9065 9070 9074 9080 9081 9082 9090 9107 9108 9113 9116 9119 9138 9145 9154 9161 9190 9191 9198 9203 9214 9215 9222 9223 9229 9233 9239 9240 9251 9253 9254 9272 9273 9282 9283 9297 9298 9299 9305 9321 9324 9325 9333 9337 9338 9349 9353 9354 9363 9372 9376 9382 9395 9400 9409 9411 9412 9422 9433 9437 9446 9455 9456 9466 9467 9471 9472 9475 9476 9480 9485 9489 9490 9491 9498 9505 9510 9526 9529 9534 9535 9547 9549 9550 9551 9563 9571 9580 9588 9592 9630 9675 9679 9721 9768 13296 13465 13466 13467 13468 13471 13472 13473 13474 13475 13476 13477 13478 13479 13480 13481 13482 13483 13484 13485 13486 13487 13488 13489 13490 13491 13492 13493 13494 13496 13497 13498 13499 13500 13501 13502 13504 13505 13506 13507 13509 13510 13511 13512 13516 13517 13518 13520 13521 13523 13524 13525 13526 13527 13528 13530 13531 13535 13540 13541 13542 13543 13547 13548 13549 13550 13553 13554 13560 13561 13562 13563 13565 13569 13570 13573 13574 13575 13576 13577 13578 13580 13581 13582 13585 13586 13587 13588 13594 13595 13598 13599 13602 13603 13605 13606 13607 13608 13609 13610 13611 13612 13613 13617 13618 13619 13622 13623 13627 13630 13631 13634 13638 13641 13645 13647 13649 13650 13652 13659 13675 13685 
	}
	weather={
	}
}
