
strategic_region={
	id=16
	name="STRATEGICREGION_16"
	provinces={
		31 62 200 325 427 891 996 1102 1382 1447 1470 1545 1717 1757 1912 1981 2158 2212 2314 2682 2753 2779 3306 3318 3355 3417 3428 3449 3485 3495 3586 3663 3688 3746 3758 3780 3882 3896 3899 3942 3998 4044 4054 4124 4173 4417 4555 4736 4812 4964 4974 5033 5097 5263 5404 5505 5627 5647 5683 5709 5862 5876 5877 5963 5969 6219 6269 6315 6562 6565 6585 6627 6644 9527 9557 9577 9601 9608 9620 9621 9642 9650 9651 9700 9732 9746 9774 9797 9825 9828 9833 9870 9877 9908 9922 9925 9943 9948 9951 9956 9957 9971 9977 9997 10026 10032 10033 10047 10048 10049 10050 10056 10073 10090 10097 10103 10112 10124 10130 10139 10150 10155 10156 10163 10169 10173 10181 10186 10187 10192 10212 10218 10229 10233 10241 10245 10253 10266 10268 10287 10378 10406 10458 10474 11776 11778 11779 13298 13307 13321 13324 13327 13329 13341 13342 13347 13350 13354 13368 13372 13384 13385 13386 13632 13661 13717 13741 13743 13744 13770 13771 13790 13810 13819 13849 
	}
	weather={
	}
}
