
strategic_region={
	id=20
	name="STRATEGICREGION_20"
	provinces={
		36 39 70 134 148 218 285 331 346 347 375 388 453 455 531 548 557 567 594 597 660 672 759 765 843 875 951 1066 1067 1074 1116 1117 1118 1124 1269 1293 1326 1362 1367 1371 1404 1412 1430 1455 1466 1608 1726 1735 1743 1758 1761 1792 1862 1925 1943 1972 1977 1984 1997 2013 2031 2044 2107 2124 2126 2176 2199 2203 2231 2242 2281 2380 2422 2425 2426 2448 2472 2552 2602 2655 2664 2675 2697 2772 2833 2863 2872 2933 3040 3049 3060 3069 3070 3093 3096 3106 3114 3167 3171 3180 3194 3229 3233 3261 3264 3267 3311 3338 3339 3340 3358 3372 3375 3390 3404 3423 3466 3472 3492 3544 3576 3642 3709 3728 3813 3815 3844 3879 3920 3940 3961 3963 3981 3990 4002 4008 4024 4066 4073 4100 4105 4107 4125 4183 4192 4262 4288 4390 4421 4481 4489 4516 4530 4636 4647 4659 4661 4677 4687 4695 4708 4729 4767 4787 4910 4941 5071 5074 5127 5143 5146 5150 5176 5206 5217 5307 5314 5318 5328 5339 5340 5384 5389 5391 5394 5422 5444 5456 5496 5514 5517 5537 5560 5567 5610 5622 5648 5660 5664 5670 5677 5731 5776 5787 5792 5806 5830 5833 5834 5860 5873 5903 5930 5932 6097 6106 6108 6124 6148 6150 6159 6163 6168 6183 6184 6191 6234 6257 6276 6307 6323 6327 6340 6373 6379 6382 6401 6421 6442 6473 6480 6495 6540 6567 6643 6652 9444 9496 9507 9522 9525 9530 9531 9558 9573 9578 9582 9583 9584 9585 9589 9598 9599 9609 9610 9614 9622 9623 9632 9636 9643 9647 9652 9653 9657 9664 9665 9670 9681 9682 9688 9691 9701 9710 9716 9717 9724 9727 9733 9736 9740 9741 9742 9747 9762 9765 9769 9783 9794 9819 9822 9834 9852 9854 9855 9864 9871 9886 9892 9901 9914 9915 9923 9926 9958 9962 9968 9969 9990 10003 10011 10018 10051 10059 10085 10100 10104 10107 10131 10135 10145 10174 10183 10190 10202 10209 10213 10227 10234 10255 10259 10267 10276 10280 10293 10303 10328 10336 10337 10344 10345 10353 10367 10374 10379 10382 10383 10384 10392 10408 10416 10433 10437 10438 10443 10446 10466 10471 10472 10473 10481 10482 10487 10488 10492 10497 10509 10524 10528 10529 10538 10539 10548 10552 10562 10569 10579 10580 10583 10590 10596 10603 10607 10615 10628 10629 10630 10637 10638 10639 10654 10659 10663 10671 10683 10688 10690 10694 10695 10701 10704 10706 10707 10720 10734 10736 10737 10751 10755 10756 10764 10765 10781 10784 10795 10796 10800 10808 10841 10842 10855 10861 10877 10888 10917 10927 10958 10959 10980 10994 11013 11015 11052 11093 13300 13328 13345 13351 13382 13628 13635 13644 13668 13691 13703 13708 13733 13737 13739 13750 13752 13753 13758 13766 13767 13772 13781 13783 13785 13791 13797 13800 13805 13943 13944 13946 13949 
	}
	weather={
	}
}
