
strategic_region={
	id=31
	name="STRATEGICREGION_31"
	provinces={
		2 5 29 132 138 251 310 368 374 409 528 540 602 881 917 934 974 1002 1017 1081 1099 1140 1172 1225 1243 1303 1388 1442 1510 1625 1642 1734 1764 1771 1791 1794 1814 1863 1991 2001 2002 2039 2111 2115 2171 2220 2236 2271 2331 2345 2403 2433 2474 2482 2589 2639 2668 2698 2809 2825 2834 2840 2869 2893 2987 3048 3138 3140 3184 3187 3196 3283 3351 3361 3374 3410 3421 3496 3571 3605 3627 3633 3635 3661 3941 3950 3965 3992 4011 4086 4150 4174 4239 4428 4619 4735 4743 4752 4754 4831 4836 4838 4848 5049 5070 5082 5199 5221 5222 5223 5251 5255 5294 5331 5359 5472 5479 5484 5513 5794 5818 5915 5919 5929 5965 6038 6046 6072 6081 6134 6233 6264 6265 6266 6298 6345 6346 6356 6381 6448 6457 6460 6484 6489 6547 6549 6636 8294 8302 8303 8308 8336 8340 8378 8386 8392 8410 8442 8464 8478 8489 8497 8504 8531 8559 8573 8578 8589 8596 8601 8604 8605 8606 8643 8649 8655 8681 8682 8689 8690 8695 8696 8700 8712 8715 8719 8720 8728 8729 8737 8743 8746 8747 8750 8755 8760 8769 8775 8787 8794 8804 8815 8823 8828 8831 8834 8838 8839 8840 8846 8855 8860 8861 8882 8895 8898 8906 8912 8913 8923 8924 8931 8936 8938 8946 8955 8956 8957 8961 8965 8979 8980 8990 8995 9017 9038 9059 9062 9086 9098 9134 11758 13438 13442 13457 13460 13462 13463 13464 13469 13470 
	}
	weather={
	}
}
