
strategic_region={
	id=36
	name="STRATEGICREGION_36"
	provinces={
		19 67 163 196 232 262 329 360 416 603 616 664 667 673 778 794 840 863 906 1045 1062 1063 1065 1078 1115 1180 1194 1229 1302 1323 1346 1373 1389 1403 1461 1512 1531 1646 1647 1674 1682 1847 1887 2036 2050 2073 2078 2095 2106 2116 2148 2205 2207 2232 2245 2279 2284 2319 2347 2366 2434 2436 2446 2459 2475 2533 2534 2550 2599 2616 2618 2645 2700 2747 2793 2823 2828 2849 2874 2962 2977 3001 3026 3043 3099 3116 3120 3136 3154 3170 3186 3209 3224 3252 3279 3286 3307 3331 3348 3367 3379 3411 3467 3491 3547 3645 3732 3759 3776 3804 3807 3836 3870 3885 3952 3954 3988 3997 4004 4014 4029 4058 4089 4117 4184 4190 4212 4245 4312 4325 4370 4401 4429 4450 4451 4460 4471 4472 4704 4711 4781 4822 4830 4832 4845 4846 4857 4888 4895 4929 4931 4976 5012 5067 5076 5141 5208 5218 5341 5396 5406 5462 5464 5465 5471 5529 5530 5593 5645 5659 5878 5938 5952 5954 5997 6016 6025 6047 6056 6119 6137 6145 6293 6295 6304 6325 6348 6407 6408 6482 6492 6509 6566 6591 6604 7282 7294 7300 7307 7342 7347 7354 7374 7378 7386 7394 7396 7399 7402 7424 7428 7433 7434 7449 7454 7460 7466 7468 7472 7483 7484 7487 7497 7509 7513 7518 7527 7530 7534 7543 7548 7561 7575 7577 7579 7597 7598 7612 7622 7628 7637 7641 7661 7665 7679 7682 7685 7707 7711 7725 7727 7743 7753 7763 7764 7783 7797 7827 7942 7967 7976 8005 8033 8034 8049 8051 8055 8069 8073 8079 8091 8094 8095 8107 8112 8117 8118 8144 8153 8175 8178 8184 8189 8196 8202 8205 8207 8227 8235 8240 8244 8245 8255 8272 8282 8283 8295 8319 8323 8342 8343 8346 8347 8356 8365 8370 8383 8401 8406 8422 8433 8434 8445 8473 8475 8477 8482 8507 8508 8538 8553 8564 8570 8574 8580 8584 8593 8597 8617 8632 13395 13396 13397 13399 13400 
	}
	weather={
	}
}
