
strategic_region={
	id=37
	name="STRATEGICREGION_37"
	provinces={
		141 272 384 435 459 780 836 910 995 1023 1223 1253 1503 1549 1627 1844 2355 2373 2416 2447 2562 2575 2763 2776 2803 2969 3009 3058 3199 3248 3249 3296 3321 3330 3599 3651 3742 3760 3777 3911 4112 4266 4267 4274 4316 4462 4626 4655 4987 5107 5278 5582 5595 5711 5724 5741 5749 5974 6065 6066 6126 6497 6592 6626 7549 7583 7587 7599 7602 7606 7623 7635 7639 7647 7653 7656 7667 7686 7687 7712 7716 7717 7734 7740 7741 7748 7758 7771 7778 7793 7831 7834 7837 7843 7851 7854 7871 7880 7885 7888 7906 7914 7920 7928 7943 7954 7958 7969 7987 8018 8022 8057 
	}
	weather={
	}
}
