
strategic_region={
	id=49
	name="STRATEGICREGION_49"
	provinces={
		9 112 125 145 256 317 355 445 563 622 632 675 677 803 929 998 1016 1311 1518 1541 1564 1607 1694 1712 1859 1940 2168 2183 2322 2407 2417 2536 2827 2951 3031 3037 3104 3152 3164 3234 3268 3409 3418 3477 3528 3536 3562 3632 3694 3752 3828 3892 3912 3949 3970 4022 4085 4193 4246 4271 4328 4330 4340 4759 4780 4799 4875 5044 5055 5164 5304 5347 5427 5446 5448 5451 5467 5469 5482 5524 5631 5721 5823 5947 6052 6085 6176 6206 6255 6285 6326 6365 6387 6419 6420 6466 6483 6527 6564 6587 6614 7544 7550 7563 7566 7567 7570 7584 7590 7613 7614 7620 7631 7632 7643 7648 7651 7654 7660 7666 7675 7678 7681 7684 7690 7691 7696 7698 7699 7705 7718 7720 7726 7737 7742 7767 7769 7772 7785 7786 7794 7795 7804 7805 7809 7820 7821 7822 7823 7839 7840 7847 7848 7855 7856 7869 7872 7877 7882 7886 7889 7890 7901 7902 7911 7915 7925 7930 7944 7947 7959 7964 7970 7992 7999 8001 8014 8019 8024 8025 8058 8061 8064 8084 8085 8092 8096 8098 8103 8114 8119 8122 8133 8146 8156 8159 8179 8186 8191 8198 8203 8212 8232 8241 8266 8271 8274 8275 8279 8287 8299 8306 8313 8322 8324 8328 8332 8345 8371 8409 8429 8449 13333 13356 13379 13403 13405 13409 
	}
	weather={
	}
}
