
strategic_region={
	id=5
	name="STRATEGICREGION_5"
	provinces={
		22 82 170 171 213 240 245 264 292 298 299 362 383 434 437 479 484 504 547 607 620 628 665 691 710 721 771 790 821 826 835 861 885 914 936 1000 1019 1182 1201 1247 1354 1407 1424 1426 1433 1434 1450 1458 1508 1606 1628 1670 1684 1703 1736 1737 1738 1742 1830 1881 1954 2007 2011 2057 2068 2083 2092 2184 2291 2296 2335 2357 2376 2404 2424 2457 2649 2699 2746 2808 2831 2853 2910 2923 2926 2981 3017 3055 3142 3146 3147 3212 3223 3226 3258 3285 3316 3317 3336 3366 3407 3420 3460 3493 3531 3539 3575 3593 3624 3719 3750 3757 3761 3769 4007 4122 4166 4181 4196 4264 4268 4275 4332 4440 4453 4467 4469 4473 4503 4515 4529 4531 4576 4583 4586 4709 4803 4844 4879 4900 4901 4917 5018 5046 5090 5099 5112 5173 5181 5260 5273 5283 5291 5483 5518 5526 5531 5539 5549 5573 5589 5612 5625 5671 5674 5679 5680 5682 5719 5798 5901 5953 5958 6030 6070 6109 6113 6156 6197 6338 6360 6391 6405 6415 6463 6475 6479 6534 6616 6630 7586 8847 8870 8871 8872 8877 8896 8917 8918 8921 8928 8929 8933 8939 8952 8962 8963 8973 8981 8987 8996 8997 9012 9013 9018 9029 9035 9039 9045 9051 9057 9060 9064 9069 9079 9095 9096 9100 9109 9110 9118 9122 9127 9128 9135 9149 9150 9155 9156 9165 9166 9170 9171 9181 9186 9187 9195 9196 9205 9208 9210 9213 9218 9219 9220 9227 9228 9236 9237 9243 9248 9256 9259 9265 9266 9274 9277 9290 9302 9308 9316 9327 9328 9329 9331 9336 9343 9346 9347 9352 9358 9370 9375 9378 9387 9394 9398 9399 9403 9420 9429 9430 9440 9445 9452 9453 9460 9461 9469 9474 9487 9488 9493 9500 9501 9514 9516 9544 9545 9548 9554 9555 9560 9561 9567 9572 9575 9591 9604 9611 9616 9618 9626 9627 9628 9645 9659 9673 9694 9719 9723 9734 9745 
	}
	weather={
	}
}
