
strategic_region={
	id=52
	name="STRATEGICREGION_52"
	provinces={
		13 86 193 201 221 312 421 462 471 534 595 700 810 849 853 1077 1211 1256 1339 1378 1462 1464 1467 1556 1635 1662 1786 1803 1840 1913 1919 2043 2062 2099 2157 2282 2289 2636 2647 2662 2669 2717 2773 2775 2801 2958 2965 2983 3057 3238 3254 3262 3302 3537 3577 3660 3878 3883 4228 4235 4322 4452 4470 4556 4569 4645 4667 4698 4740 4798 4821 4839 4851 4991 5021 5062 5153 5414 5506 5532 5628 5717 5744 5801 5976 6023 6178 6392 6507 6516 6666 6679 6681 6693 6694 6696 6710 6713 6725 6731 6737 6738 6743 6744 6749 6773 6775 6780 6783 6787 6789 6808 6811 6816 6818 6824 6825 6834 6873 
	}
	weather={
	}
}
