
strategic_region={
	id=56
	name="STRATEGICREGION_56"
	provinces={
		59 198 255 270 361 454 474 648 711 742 902 940 989 1018 1041 1056 1105 1317 1319 1420 1435 1457 1487 1582 1586 1588 1618 1623 1845 1884 1931 1959 1974 1975 2277 2356 2413 2488 2497 2526 2539 2563 2574 2694 2726 2800 2820 2832 2899 2917 2972 3014 3044 3125 3290 3360 3373 3426 3441 3478 3490 3494 3501 3677 3691 3710 3741 3805 3823 3826 4003 4080 4096 4147 4211 4253 4349 4365 4418 4445 4498 4572 4678 4723 4727 4791 4843 5028 5031 5096 5134 5162 5257 5477 5516 5604 5633 5691 6071 6160 6228 6248 6352 6402 6406 6542 6558 6720 6734 6761 6777 6791 6803 6827 6842 6856 6860 6864 6892 6907 6913 6914 6961 6976 6996 7006 7013 7017 7043 7045 7064 7065 7114 7120 7136 7173 7205 7214 7221 7232 7242 7287 7313 7334 7366 7367 7380 7458 7496 7582 7604 13291 
	}
	weather={
	}
}
