
strategic_region={
	id=59
	name="STRATEGICREGION_59"
	provinces={
		53 56 65 113 147 189 291 334 335 380 386 406 411 514 566 577 612 617 627 670 702 776 792 805 852 886 990 1020 1026 1080 1096 1103 1131 1142 1161 1193 1203 1237 1275 1340 1398 1460 1473 1590 1643 1675 1683 1702 1720 1812 1851 1853 1882 1939 2051 2101 2105 2119 2193 2228 2248 2292 2316 2398 2443 2453 2478 2542 2548 2573 2622 2626 2671 2678 2741 2796 2824 2870 2882 2975 2996 2999 3151 3191 3257 3352 3368 3412 3454 3469 3479 3504 3553 3592 3743 3773 3808 3919 3959 4129 4178 4226 4260 4284 4287 4324 4361 4394 4397 4410 4423 4497 4622 4679 4805 4809 4855 4865 4871 4880 4885 4890 4906 4940 4960 5057 5200 5212 5227 5250 5286 5364 5407 5507 5775 5875 6049 6116 6167 6319 6526 6541 6563 6631 7288 7323 7327 7336 7338 7360 7370 7373 7393 7417 7420 7422 7423 7427 7443 7446 7450 7465 7470 7471 7490 7533 7547 7555 7559 7569 7592 7593 7596 7608 7621 7645 7646 7694 7702 7710 7724 7750 7751 7754 7756 7781 7826 7830 7845 7862 7865 7866 7879 7905 7908 7909 7913 7927 7949 7973 7984 8011 8053 
	}
	weather={
	}
}
