
strategic_region={
	id=62
	name="STRATEGICREGION_62"
	provinces={
		26 75 106 118 345 522 589 783 867 898 961 1059 1171 1190 1248 1260 1282 1610 1641 1968 2295 2369 2379 2516 2532 2538 2554 2614 2681 2685 2751 2826 2898 2928 3042 3202 3214 3408 3440 3486 3530 3556 3598 3771 3791 3907 3922 4059 4229 4243 4317 4455 4545 4559 4627 4654 4658 4718 4771 4776 4777 4947 4985 5025 5086 5128 5230 5243 5368 5415 5474 5491 5561 5706 5766 5767 5786 6048 6087 6105 6115 6132 6232 6246 6279 6301 6403 6444 6506 6632 7676 7709 7728 7736 7738 7749 7780 7788 7792 7799 7800 7801 7811 7824 7825 7828 7829 7836 7841 7852 7853 7858 7861 7868 7874 7892 7895 7896 7903 7907 7918 7923 7933 7937 7940 7941 7951 7952 7957 7962 7977 7978 7983 7990 7997 8000 8003 8016 8027 8030 8031 8040 8043 8046 8063 8067 8078 8090 8099 8106 8108 8120 8127 8128 8151 8182 8187 8195 8218 13369 13398 13401 13402 13404 13406 13407 13410 13412 
	}
	weather={
	}
}
