
strategic_region={
	id=65
	name="STRATEGICREGION_65"
	provinces={
		11814 11815 11816 11818 11819 11822 11825 11826 11827 11832 11835 11836 11837 11838 11841 11843 11844 11846 11849 11852 11853 11856 11857 11858 11861 11862 11863 11865 11866 11868 11869 11872 11873 11874 11878 11879 11881 11882 11887 11890 11891 11893 11894 11895 11896 11898 11899 11901 11902 11905 11908 11912 11914 11918 11921 11923 11926 11928 11929 11931 11935 11936 11938 11939 11940 11941 11943 11944 11947 11948 11952 11955 11956 11960 11964 11965 11966 11968 11970 11971 11972 11973 11974 11975 11976 11977 11979 11980 11983 11984 11986 11987 11988 11989 11993 12002 12003 12004 12005 12007 12008 12009 12010 12011 12013 12015 12018 12019 12022 12023 12024 12026 12027 12029 12030 12031 12032 12033 12034 12036 12037 12040 12043 12044 12046 12049 12050 12052 12054 12055 12059 12060 12066 12067 12071 12074 12077 12082 12086 12088 12090 12092 12096 12098 12099 12101 12104 12105 12107 12109 12111 12113 12115 12116 12118 12120 12121 12123 12124 12125 12127 12128 12129 12131 12132 12137 12138 12143 12145 12147 12148 12149 12151 12153 12156 12157 12158 12162 12165 12166 12167 12168 12170 12173 12174 12179 12182 12186 12188 12189 12191 12196 12197 12199 12200 12201 12203 12205 12206 12207 12208 12209 12210 12212 12213 12215 12217 12218 12219 12220 12221 12222 12223 12224 12225 12227 12228 12229 12231 12232 12234 12236 12238 12239 12242 12244 12245 12247 12249 12250 12253 12257 12258 12259 12261 12262 12263 12264 12269 12270 12273 12275 12276 12277 12280 12285 12286 12287 12288 12290 12291 12294 12295 12297 12299 12307 12309 12311 12312 12313 12314 12315 12316 12318 12321 12326 12327 12333 12334 12336 12337 12338 12339 12343 12344 12346 12347 12349 12350 12351 12355 12357 12358 12359 12361 12362 12364 12365 12368 12370 12371 12373 12375 12377 12384 12389 12395 12397 12398 12399 12400 12401 12404 12405 12406 12407 12408 12409 12410 12414 12418 12419 12420 12421 12422 12428 12430 12432 12435 12436 12437 12443 12446 12447 12449 12451 12452 12454 12457 12459 12460 12461 12462 12463 12469 12470 12471 12472 12473 12476 12478 12480 12481 12484 12486 12487 12488 12491 12493 12495 12496 12500 12502 12504 12505 12511 12513 12515 12517 12520 12521 12522 12523 12526 12527 12529 12530 12535 12542 12543 12545 12548 12549 12550 12551 12553 12554 12555 12556 12557 12558 12559 12561 12563 12564 12565 12566 12567 12568 12569 12571 12574 12575 12576 12577 12579 12580 12582 12583 12584 12586 12587 12589 12593 12601 12604 12605 12608 12609 12610 12611 12613 12614 12617 12618 12619 12620 12622 12623 12626 12627 12628 12632 12634 12635 12636 12637 12639 12640 12641 12642 12644 12645 12646 12648 12649 12652 12653 12658 12663 12664 12665 12668 12669 12670 12671 12672 12673 12674 12676 12677 12679 12682 12683 12691 12692 12694 12695 12696 12698 12700 12701 12702 12708 12710 12713 12714 12721 12722 12727 12728 12729 12734 12736 12737 12740 12745 12746 12747 12748 12749 12751 12752 12756 12757 12758 12759 12760 12761 12762 12766 12768 12772 12778 12779 12780 12781 12782 12788 12791 12792 12795 12796 12797 12799 12800 12803 12804 12807 12808 12811 12813 12814 12816 12818 12819 12825 12826 12828 12829 12833 12835 12838 12839 12841 12844 12846 12848 12849 12850 12851 12852 12855 12857 12861 12862 12864 12866 12870 12871 12872 12874 12875 12883 12885 12887 12889 12891 12893 12894 12895 12898 12899 12901 12903 12904 12906 12909 12914 12915 12916 12919 12920 12921 12924 12930 12931 12937 12938 12940 12941 12942 12944 12946 12950 12954 12955 12958 12961 12962 12963 12964 12965 12967 12968 12974 12976 12979 12980 12981 12982 12984 12985 12986 12987 12998 13000 13001 13002 13003 13006 13009 13012 13013 13014 13015 13017 13018 13019 13021 13024 13026 13027 13028 13032 13034 13035 13037 13042 13043 13044 13048 13049 13050 13051 13052 13060 13063 13064 13065 13066 13070 13071 13073 13074 13075 13076 13077 13079 13080 13081 13082 13083 13084 13086 13088 13089 13090 13091 13094 13095 13097 13098 13099 13103 13104 13105 13107 13110 13119 13124 13129 13130 13132 13133 13135 13138 13141 13142 13143 13144 13148 13150 13153 13154 13155 13156 13159 13160 13161 13164 13165 13166 13168 13169 13170 13171 13172 13173 13174 13176 13179 13180 13183 13186 13190 13193 13194 13198 13199 13200 13202 13207 13211 13215 13216 13217 13219 13220 13222 13224 13226 13229 13230 13231 13232 13234 13236 13238 13239 13241 13244 13245 13249 13250 13252 13253 13255 13257 13259 13260 13261 13263 13266 13269 13270 13275 13277 13278 13279 13282 13283 13289 13290 13958 
	}
	weather={
	}
}
