
strategic_region={
	id=66
	name="STRATEGICREGION_66"
	provinces={
		11812 11813 11817 11820 11821 11823 11824 11828 11829 11830 11831 11833 11834 11839 11840 11842 11845 11847 11848 11850 11851 11854 11855 11859 11860 11864 11867 11870 11871 11875 11876 11877 11880 11883 11884 11885 11886 11888 11889 11892 11897 11900 11903 11904 11906 11907 11909 11910 11911 11913 11915 11916 11917 11919 11920 11922 11924 11925 11927 11930 11932 11933 11934 11937 11942 11945 11946 11949 11950 11951 11953 11954 11957 11958 11959 11961 11962 11963 11967 11969 11978 11981 11982 11985 11990 11991 11992 11994 11995 11996 11997 11998 11999 12000 12001 12006 12012 12014 12016 12017 12020 12021 12025 12028 12035 12038 12039 12041 12042 12045 12047 12048 12051 12053 12056 12057 12058 12061 12062 12063 12064 12065 12068 12069 12070 12072 12073 12075 12076 12078 12079 12080 12081 12083 12084 12085 12087 12089 12091 12093 12094 12095 12097 12100 12102 12103 12106 12108 12110 12112 12114 12117 12119 12122 12126 12130 12133 12134 12135 12136 12139 12140 12141 12142 12144 12146 12150 12152 12154 12155 12159 12160 12161 12163 12164 12169 12171 12172 12175 12176 12177 12178 12180 12181 12183 12184 12185 12187 12190 12192 12193 12194 12195 12198 12202 12204 12211 12214 12216 12226 12230 12233 12235 12237 12240 12241 12243 12246 12248 12251 12252 12254 12255 12256 12260 12265 12266 12267 12268 12271 12272 12274 12278 12279 12281 12282 12283 12284 12289 12292 12293 12296 12298 12300 12301 12302 12303 12304 12305 12306 12308 12310 12317 12319 12320 12322 12323 12324 12325 12328 12329 12330 12331 12332 12335 12340 12341 12342 12345 12348 12352 12353 12354 12356 12360 12363 12366 12367 12369 12372 12374 12376 12378 12379 12380 12381 12382 12383 12385 12386 12387 12388 12390 12391 12392 12393 12394 12396 12402 12403 12411 12412 12413 12415 12416 12417 12423 12424 12425 12426 12427 12429 12431 12433 12434 12438 12439 12440 12441 12442 12444 12445 12448 12450 12453 12455 12456 12458 12464 12465 12466 12467 12468 12474 12475 12477 12479 12482 12483 12485 12489 12490 12492 12494 12497 12498 12499 12501 12503 12506 12507 12508 12509 12510 12512 12514 12516 12518 12519 12524 12525 12528 12531 12532 12533 12534 12536 12537 12538 12539 12540 12541 12544 12546 12547 12552 12560 12562 12570 12572 12573 12578 12581 12585 12588 12590 12591 12592 12594 12595 12596 12597 12598 12599 12600 12602 12603 12606 12607 12612 12615 12616 12621 12624 12625 12629 12630 12631 12633 12638 12643 12647 12650 12651 12654 12655 12656 12657 12659 12660 12661 12662 12666 12667 12675 12678 12680 12681 12684 12685 12686 12687 12688 12689 12690 12693 12697 12699 12703 12704 12705 12706 12707 12709 12711 12712 12715 12716 12717 12718 12719 12720 12723 12724 12725 12726 12730 12731 12732 12733 12735 12738 12739 12741 12742 12743 12744 12750 12753 12754 12755 12763 12764 12765 12767 12769 12770 12771 12773 12774 12775 12776 12777 12783 12784 12785 12786 12787 12789 12790 12793 12794 12798 12801 12802 12805 12806 12809 12810 12812 12815 12817 12820 12821 12822 12823 12824 12827 12830 12831 12832 12834 12836 12837 12840 12842 12843 12845 12847 12853 12854 12856 12858 12859 12860 12863 12865 12867 12868 12869 12873 12876 12877 12878 12879 12880 12881 12882 12884 12886 12888 12890 12892 12896 12897 12900 12902 12905 12907 12908 12910 12911 12912 12913 12917 12918 12922 12923 12925 12926 12927 12928 12929 12932 12933 12934 12935 12936 12939 12943 12945 12947 12948 12949 12951 12952 12953 12956 12957 12959 12960 12966 12969 12970 12971 12972 12973 12975 12977 12978 12983 12988 12989 12990 12991 12992 12993 12994 12995 12996 12997 12999 13004 13005 13007 13008 13010 13011 13016 13020 13022 13023 13025 13029 13030 13031 13033 13036 13038 13039 13040 13041 13045 13046 13047 13053 13054 13055 13056 13057 13058 13059 13061 13062 13067 13068 13069 13072 13078 13085 13087 13092 13093 13096 13100 13101 13102 13106 13108 13109 13111 13112 13113 13114 13115 13116 13117 13118 13120 13121 13122 13123 13125 13126 13127 13128 13131 13134 13136 13137 13139 13140 13145 13146 13147 13149 13151 13152 13157 13158 13162 13163 13167 13175 13177 13178 13181 13182 13184 13185 13187 13188 13189 13191 13192 13195 13196 13197 13201 13203 13204 13205 13206 13208 13209 13210 13212 13213 13214 13218 13221 13223 13225 13227 13228 13233 13235 13237 13240 13242 13243 13246 13247 13248 13251 13254 13256 13258 13262 13264 13265 13267 13268 13271 13272 13273 13274 13276 13280 13281 13284 13285 13286 13287 13288 
	}
	weather={
	}
}
