state={
	id=111
	name="STATE_111"
	history={
		owner = MET
		add_core_of = MET
		victory_points = {
			11764 25 
		}
		buildings = {
			infrastructure = 5
			industrial_complex = 1

		}

	}
	provinces={
		11 71 133 210 225 229 237 394 440 457 536 543 652 685 704 774 855 882 897 921 959 1055 1104 1114 1141 1226 1301 1329 1336 1443 1536 1569 1601 1822 1833 2104 2123 2134 2162 2175 2222 2257 2420 2430 2766 2767 2785 2921 2934 2982 3012 3034 3079 3080 3256 3560 3609 3665 3729 3969 3977 4027 4119 4185 4200 4230 4302 4438 4484 4660 4726 4758 4840 4903 5039 5552 5563 5587 5740 5951 6031 6259 6329 6656 6657 6660 6664 6665 6669 6673 6676 6684 6685 6686 6687 6691 6695 6697 6703 6704 6705 6709 6712 6715 6716 6717 6729 6736 6741 6750 6755 6760 6764 6765 6768 6769 6770 6779 6782 6788 6800 6817 6820 6830 6833 6839 6840 6852 6866 6867 6879 6896 
	}
	manpower=1000
	buildings_max_level_factor=1.000
	local_supplies=0.000
	state_category = town
}
