
state={
	id=113
	name="STATE_113"
	provinces={
		13 86 193 221 312 421 462 471 700 810 849 853 1077 1211 1256 1339 1378 1462 1556 1635 1786 1803 1840 1913 1919 2043 2062 2099 2157 2282 2289 2647 2662 2669 2717 2773 2775 2801 2958 2983 3057 3238 3302 3577 3660 3878 3883 4228 4235 4322 4452 4556 4569 4645 4667 4698 4740 4798 4821 4839 4851 4991 5021 5062 5414 5506 5532 5628 5717 5744 5801 5976 6023 6392 6507 6516 6666 6681 6693 6694 6710 6713 6725 6731 6737 6738 6743 6744 6749 6773 6775 6780 6783 6787 6789 6808 6811 6816 6818 6824 6825 6834 6873 
	}
	manpower=1000
	buildings_max_level_factor=1.000
	state_category=town
	
}
