state={
	id=114
	name="STATE_114"
	provinces={
		8 10 38 91 289 337 352 372 415 466 542 550 580 624 724 927 939 1177 1245 1343 1419 1490 1502 1600 1631 1671 1706 1752 1897 1993 2021 2046 2150 2195 2358 2387 2438 2454 2580 2654 2937 2942 2993 3047 3071 3129 3259 3277 3395 3400 3402 3446 3516 3581 3628 3641 3718 3802 4036 4148 4257 4338 4368 4408 4523 4656 4685 4942 4989 5151 5202 5216 5292 5580 5651 5748 5762 5812 5856 5912 5935 5948 5950 6082 6095 6114 6169 6243 6283 6324 6333 6414 6612 6641 6871 6884 6885 6897 6903 6906 6920 6921 6922 6924 6935 6938 6945 6946 6958 6975 6981 6984 6995 6999 7005 7014 7023 7025 7032 7036 7037 7046 7047 7048 7063 7078 7085 7090 7098 7099 7113 7139 7142 7144 7149 7156 7157 7171 7172 7182 7188 7193 7197 7209 7227 7236 7251 
	}
	manpower=1000
	buildings_max_level_factor=1.000
	local_supplies=0.000
	state_category = town
}
