
state={
	id=118
	name="STATE_118"

	history={
		owner = THN
		add_core_of = THN
		victory_points = {
			559 15 
		}
		buildings = {
			infrastructure = 5
			industrial_complex = 1

		}

	}

	provinces={
		205 234 350 507 559 625 641 690 715 743 745 750 822 823 911 1084 1097 1121 1238 1262 1359 1363 1390 1479 1705 1813 1988 2135 2297 2332 2470 2495 2555 2739 2902 2908 3056 3328 3427 3505 3565 3696 3840 3862 3902 4076 4220 4391 4463 4621 4681 4815 4911 4935 4952 5152 5256 5360 5400 5460 5499 5508 5605 5629 5727 5848 6075 6187 6211 6270 6335 6422 6468 7083 7089 7097 7110 7115 7117 7123 7129 7131 7132 7134 7145 7162 7170 7174 7175 7181 7183 7195 7204 7213 7225 7231 7237 7240 7256 7260 7276 7296 7316 7325 7358 7363 7375 7382 7387 7405 7408 7413 7414 7419 7438 7439 7442 7445 7452 7457 7467 7469 7500 7504 7524 
	}
	manpower=1000
	buildings_max_level_factor=1.000
	state_category=megalopolis
	
}
