
state={
	id=119
	name="STATE_119"

	history={
		owner = UNC
		add_core_of = UNC
		victory_points = {
			3495 1 
		}
		buildings = {
			infrastructure = 5
			industrial_complex = 1

		}

	}

	provinces={
		53 56 65 113 147 189 291 334 380 406 411 577 627 670 702 792 886 990 1026 1080 1142 1161 1193 1203 1237 1275 1683 1702 1720 1812 1851 1853 1939 2051 2193 2248 2292 2316 2398 2453 2478 2542 2548 2622 2626 2671 2796 2824 2870 2999 3151 3191 3257 3352 3368 3412 3454 3469 3479 3504 3553 3592 3743 3773 3808 3919 4226 4324 4361 4394 4410 4423 4497 4809 4871 4880 4885 4906 4940 5057 5227 5250 5407 5507 5775 5875 6049 6116 6167 6319 6563 6631 7443 7470 7471 7490 7547 7555 7559 7569 7592 7593 7596 7608 7621 7645 7646 7694 7702 7710 7724 7750 7751 7754 7756 7781 7826 7830 7845 7862 7865 7866 7879 7905 7908 7909 7913 7927 7949 7973 7984 8011 8053 
	}
	manpower=1000
	buildings_max_level_factor=1.000
	state_category=town
	
}
