
state={
	id=120
	name="STATE_120"
	history={
		owner = BDN
		add_core_of = BDN
		victory_points = {
			11764 25 
		}
		buildings = {
			infrastructure = 5
			industrial_complex = 1

		}

	}
	provinces={
		348 523 574 687 958 972 1071 1108 1188 1526 1597 1788 1879 1903 2400 2571 2644 2713 2852 2938 3039 3388 3529 3756 3857 3913 4042 4062 4234 4252 4327 4373 4409 4499 4540 4662 4894 4920 5081 5322 5425 5430 5447 5578 5734 6054 6090 6092 6432 6528 8100 8109 8136 8145 8154 8161 8169 8188 8193 8229 8250 8258 8267 8269 8280 8289 8292 8301 8307 8334 8335 8361 8366 8373 8374 8394 8398 8399 8413 8418 8419 8446 8454 8459 8463 8481 8488 8496 8503 8526 8540 8548 8561 8562 8595 8603 8635 8636 8642 8651 8665 13434 13439 13445 
	}
	manpower=1000
	buildings_max_level_factor=1.000
	state_category=town
	local_supplies=0.000
}
