state={
	id=121
	name="STATE_121"
	history={
		owner = UNC
		add_core_of = UNC
		victory_points = {
			3495 1 
		}
		buildings = {
			infrastructure = 5
			industrial_complex = 1
		}

	}
	provinces={
		15 61 100 226 395 441 475 608 684 868 1031 1486 1581 1657 1677 1778 1924 2037 2272 2310 2324 2609 2749 2760 2787 2883 3308 3326 3610 3617 3650 3656 3658 3671 3893 4237 4310 4624 4686 5161 5235 5376 5388 5421 5572 5654 5779 5819 5987 6205 6311 8036 8052 8056 8060 8076 8116 8123 8141 8142 8148 8149 8165 8170 8183 8210 8219 8230 8251 8257 8278 8293 8297 8318 8326 8358 8391 8400 8426 8460 8493 8572 
	}
	manpower=1000
	buildings_max_level_factor=1.000
	
	state_category = town
}
