state={
	id=124
	name="STATE_124"
	history={
		owner = CNB
		add_core_of = CNB
		victory_points = {
			11764 25 
		}
		buildings = {
			infrastructure = 5
			industrial_complex = 1

		}

	}
	provinces={
		647 815 831 844 1092 1147 1332 1589 1622 1696 1719 1731 1740 1941 2004 2153 2553 2702 2762 3149 3295 3764 3909 3918 3923 4018 4093 4215 4292 4358 4465 4496 4601 4725 4749 5130 5392 5590 5813 5815 5882 5899 6026 6204 6339 6539 6638 6799 6815 6845 6863 6870 6878 6890 6905 6912 6917 6918 6929 6930 6934 6937 6940 6949 6955 6957 6960 6971 6972 6979 6980 6993 6994 7009 7018 7031 7035 7042 7055 7056 7062 
	}
	manpower=1000
	buildings_max_level_factor=1.000
	state_category=town
	local_supplies=0.000
}
