
state={
	id=127
	name="STATE_127"
	provinces={
		76 107 120 122 128 130 158 176 188 295 311 326 330 332 338 357 376 403 428 485 521 576 592 596 606 656 657 678 722 738 760 795 806 809 811 828 842 848 864 871 877 888 971 1015 1021 1029 1040 1057 1064 1089 1148 1153 1231 1232 1240 1250 1258 1357 1397 1921 2012 3165 3405 3856 3888 4231 4238 4459 4722 4915 4924 4934 4936 5373 5398 5435 5673 6240 6600 7094 7100 7138 7166 7202 7203 7208 7234 7241 7244 7253 7262 7271 7279 7315 7350 7384 7397 11685 13312 13299 13376  
	}
	manpower=1000
	buildings_max_level_factor=1.000
	state_category=town
}
