state={
	id=129
	name="STATE_129"
	history={
		owner = THN
		add_core_of = THN
		victory_points = {
			3495 1 
		}
		buildings = {
			infrastructure = 5
			industrial_complex = 1
		}

	}
	provinces={
		28 44 93 99 139 165 405 583 663 782 839 878 892 950 960 980 994 1052 1083 1101 1196 1204 1218 1252 1261 1290 1310 1322 1356 1446 1535 1579 1656 1698 1751 1787 1831 1839 1935 1996 2054 2082 2147 2179 2268 2338 2391 2569 2577 2673 2718 2737 2781 2847 2866 2945 2946 2984 3053 3077 3078 3089 3110 3135 3193 3195 3206 3323 3389 3422 3438 3457 3473 3512 3626 3850 3921 3932 3975 4048 4092 4154 4160 4189 4261 4321 4348 4392 4477 4493 4513 4519 4549 4568 4591 4652 4666 4823 4829 4854 4983 5041 5103 5190 5300 5386 5445 5480 5525 5690 5705 5777 5850 5895 5946 5998 6244 6278 6286 6357 6404 6426 6428 6590 6598 6622 6650 6651 7435 7437 7456 7475 7477 7494 7529 7535 7540 7551 7565 7576 7589 7600 7607 7617 7619 7626 7627 7642 7650 7658 7662 7677 7680 7683 7701 7703 7704 7713 7729 7735 7759 7760 7765 7766 7774 7775 7779 7784 7787 7789 7790 7798 7812 7816 7817 7818 7819 7835 7844 7846 7860 7876 7881 7900 7910 7912 7917 7922 7929 7939 7946 7953 7955 7968 7972 7975 7986 7988 7991 8023 8029 8037 8050 8074 8077 8080 8083 8088 8097 8113 8121 8126 8137 8155 8163 8164 8167 8185 8190 8197 8200 8211 8217 8225 8231 8247 8256 
	}
	manpower=1000
	buildings_max_level_factor=1.000
	local_supplies=0.000
	state_category=town
}
