state={
	id=131
	name="STATE_131"
	history={
		owner = DUS
		add_core_of = DUS
		victory_points = {
			11764 25 
		}
		buildings = {
			infrastructure = 5
			industrial_complex = 1

		}

	}
	provinces={
		180 390 492 610 668 751 808 873 945 973 1213 1277 1754 2055 2258 2306 2721 2829 2844 3003 3051 3117 3444 4016 4210 4227 4259 4691 4701 4763 4837 5119 5277 5489 5548 5737 5996 6076 6144 6235 6289 6416 6499 8440 8491 8513 8533 8539 8554 8566 8591 8592 8619 8633 8653 8654 8678 8686 8703 8733 8782 8816 8859 8873 8893 8904 8908 8919 8922 8942 8949 8959 8968 9000 9031 9037 9112 
	}
	manpower=1000
	buildings_max_level_factor=1.000
	local_supplies=0.000
	state_category = town
}
