state={
	id=133
	name="STATE_133"
	provinces={
		67 163 196 262 360 416 603 673 778 863 1045 1062 1065 1180 1346 1373 1461 1531 1646 1682 1847 2095 2116 2148 2205 2207 2232 2245 2319 2347 2434 2436 2533 2550 2599 2616 2618 2747 2793 2828 2849 2874 3001 3026 3043 3120 3186 3209 3286 3307 3331 3348 3367 3411 3547 3732 3804 3807 3836 3870 3952 3954 3988 3997 4004 4014 4058 4117 4245 4325 4370 4401 4451 4460 4471 4704 4711 4781 4822 4830 4845 4931 4976 5012 5067 5141 5396 5406 5462 5464 5659 6016 6119 6293 6325 6407 6482 6492 6509 6566 7942 7967 7976 8005 8033 8034 8049 8051 8055 8069 8073 8079 8091 8094 8095 8107 8112 8117 8118 8144 8153 8175 8178 8184 8189 8196 8202 8205 8207 8227 8235 8240 8244 8245 8255 8272 8282 8283 8295 8319 8323 8342 8343 8346 8347 8356 8365 8370 8383 8401 8406 8422 8433 8434 8445 8473 8475 8477 8482 8507 8508 8538 8553 8564 8570 8574 8580 8584 8593 8597 8617 8632 
	}
	manpower=1000
	buildings_max_level_factor=1.000
	local_supplies=0.000
	state_category = town
}
