
state={
	id=137
	name="STATE_137"
	provinces={
		19 232 616 664 667 794 840 1063 1078 1194 1229 1323 1389 1403 1512 1647 1674 1887 2036 2050 2073 2078 2106 2279 2284 2366 2459 2475 2534 2645 2700 2823 2962 2977 3099 3116 3136 3154 3224 3252 3279 3379 3491 3645 3759 3776 3885 4029 4089 4184 4190 4212 4312 4450 4472 4857 4888 4895 4929 5076 5208 5218 5341 5465 5471 5529 5530 5593 5645 5878 5938 5952 5954 5997 6025 6047 6056 6137 6145 6295 6304 6348 6591 6604 7282 7294 7307 7342 7347 7354 7378 7386 7394 7396 7399 7402 7424 7428 7433 7434 7449 7454 7460 7466 7468 7472 7483 7484 7487 7497 7509 7513 7518 7527 7530 7534 7543 7548 7561 7575 7577 7579 7597 7598 7612 7622 7628 7637 7661 7665 7685 7711 7727 7753 7764 7783 7797 7827 13397 13399 13400 
	}
	manpower=1000
	buildings_max_level_factor=1.000
	state_category=town
	local_supplies=0.000
}
