state={
	id=142
	name="STATE_142"
	history={
		owner = CNB
		add_core_of = CNB
		victory_points = {
			11764 25 
		}
		buildings = {
			infrastructure = 5
			industrial_complex = 1

		}

	}
	provinces={
		27 157 162 248 316 385 552 643 874 1004 1028 1136 1155 1166 1195 1241 1254 1640 1668 1681 1710 1750 1763 1781 1880 1905 1949 1967 2072 2159 2174 2269 2325 2352 2468 2510 2565 2579 2584 2617 2734 2806 2851 2947 2956 3002 3075 3086 3098 3181 3219 3245 3265 3314 3392 3399 3403 3463 3513 3518 3541 3559 3664 3706 3745 3747 3842 3855 3984 4021 4034 4138 4314 4363 4580 4603 4747 4775 4860 4873 4939 4984 5237 5244 5266 5293 5485 5493 5509 5585 5652 5685 5726 5753 5807 5839 5898 5931 6021 6050 6154 6175 6208 6256 6277 6347 6569 6574 6708 6711 6723 6726 6730 6746 6752 6753 6763 6774 6778 6781 6786 6793 6798 6802 6804 6805 6807 6810 6812 6819 6826 6829 6835 6836 6838 6844 6847 6848 6855 6861 6865 6868 6869 6875 6876 6887 6888 6889 6894 6902 6909 6911 6916 6919 6923 6925 6928 6933 6936 6941 6943 6947 6948 6951 6952 6954 6974 6978 6991 6998 7007 7024 
	}
	manpower=1000
	buildings_max_level_factor=1.000
	local_supplies=0.000
	state_category = town
}
