
state={
	id=143
	name="STATE_143"

	history={
		owner = SHK
		add_core_of = SHK
		victory_points = {
			11764 25 
		}
		buildings = {
			infrastructure = 5
			industrial_complex = 1

		}

	}

	provinces={
		245 299 437 484 607 665 691 721 826 861 914 936 1426 1606 1628 1670 1684 1703 1742 1830 1881 2007 2083 2291 2335 2357 2376 2404 2457 2649 2853 2923 2926 2981 3146 3223 3285 3317 3531 3539 3719 3750 3757 3769 4181 4264 4275 4453 4473 4503 4515 4531 4576 4844 4879 5018 5046 5090 5099 5283 5483 5518 5539 5549 5589 5674 5679 5682 5798 5901 5953 5958 6113 6197 6405 6463 6475 6616 9110 9118 9135 9149 9155 9165 9166 9171 9181 9195 9196 9205 9208 9210 9218 9219 9227 9228 9236 9243 9248 9259 9265 9274 9277 9302 9308 9327 9336 9343 9346 9347 9352 9370 9378 9387 9394 9398 9399 9403 9429 9445 9452 9460 9487 9488 9493 9500 9501 9516 9544 9560 9561 9567 9575 9611 9618 9626 9628 9673 9719 9723 9734 9745 
	}
	manpower=1000
	buildings_max_level_factor=1.000
	state_category=town
	
}
