state={
	id=144
	name="STATE_144"
	history={
		owner = SHK
		add_core_of = SHK
		victory_points = {
			11764 25 
		}
		buildings = {
			infrastructure = 5
			industrial_complex = 1

		}

	}
	provinces={
		22 82 171 292 298 362 479 504 628 771 821 885 1182 1247 1407 1433 1450 1508 1736 2011 2057 2424 2699 2910 3017 3055 3212 3226 3316 3366 3407 3593 3624 4007 4122 4268 4332 4440 4469 4529 4583 4901 5112 5273 5291 5526 5573 5625 5671 5680 5719 6030 6070 6338 6360 6415 8847 8870 8871 8872 8877 8896 8917 8918 8921 8928 8929 8933 8939 8952 8962 8963 8973 8981 9018 9029 9035 9045 9051 9060 9069 9127 9128 9170 
	}
	manpower=1000
	buildings_max_level_factor=1.000
	state_category=town
	
}
