state={
	id=147
	name="STATE_147"
	history={
		owner = THN
		add_core_of = THN
		victory_points = {
			3495 1 
		}
		buildings = {
			infrastructure = 5
			industrial_complex = 1
		}

	}
	provinces={
		14 152 568 659 705 755 781 903 967 1391 1637 1716 1782 1827 1936 2069 2180 2217 2606 2621 2850 2855 2918 3176 3293 3908 3928 4057 4061 4350 4376 4639 4706 4746 4849 5009 5091 5192 5259 5568 5638 5770 6107 6254 6313 8228 8236 8268 8284 8309 8312 8315 8316 8320 8327 8331 8344 8349 8353 8354 8359 8377 8379 8380 8389 8395 8402 8404 8407 8408 8411 8412 8414 8424 8427 8428 8436 8447 8448 8457 8461 8462 8466 8467 8468 8470 8476 8483 8486 8495 8499 8510 8549 
	}
	manpower=1000
	buildings_max_level_factor=1.000
	local_supplies=0.000
	state_category = town
}
