
state={
	id=148
	name="STATE_148"

	history={
		owner = THN
		add_core_of = THN
		victory_points = {
			3495 1 
		}
		buildings = {
			infrastructure = 5
			industrial_complex = 1

		}

	}

	provinces={
		9 112 125 145 256 317 622 632 677 929 998 1016 1311 1541 1564 1694 1712 1859 1940 2322 2407 2417 2536 2951 3031 3037 3104 3152 3164 3418 3477 3528 3536 3562 3694 3752 3828 3912 3949 3970 4085 4271 4328 4330 4340 4780 4799 4875 5044 5055 5304 5347 5427 5448 5451 5469 5524 5631 5721 5823 5947 6052 6085 6176 6206 6255 6285 6387 6419 6420 6466 6483 6564 6587 6614 7544 7550 7563 7566 7567 7570 7584 7590 7613 7620 7631 7632 7643 7648 7651 7654 7666 7675 7678 7684 7691 7696 7698 7705 7720 7742 7769 7772 7794 7795 7805 7809 7820 7821 7823 7839 7840 7847 7848 7855 7856 7869 7872 7877 7882 7886 7889 7890 7901 7902 7911 7915 7925 7930 7944 7947 7959 7964 7970 7992 7999 8001 8014 8019 8024 8025 8058 8061 8064 8084 8092 8098 8103 8119 8133 8156 8186 8203 8241 8274 8279 8306 8324 8328 8332 8429 13333 13356 13379 13403 13405 13409 
	}
	manpower=1000
	buildings_max_level_factor=1.000
	state_category=town
	local_supplies=0.000
}
