
state={
	id=150
	name="STATE_150"
	provinces={
		18 513 621 976 1163 1165 1216 1348 1611 1753 1820 1893 2103 2396 2512 3067 3145 3291 3346 3364 3432 3555 3715 3946 4308 4573 4785 4963 4998 5078 5562 5750 5751 5783 6009 6336 6447 10125 10193 10196 10220 10230 10236 10246 10269 10305 10339 10357 10358 10385 10396 10409 10410 10411 10449 10469 10493 10500 10516 10544 10549 10555 10573 10584 10600 10672 13338 13346 13355 
	}
	manpower=1000
	buildings_max_level_factor=1.000
	state_category=town
	local_supplies=0.000
}
