
state={
	id=152
	name="STATE_152"

	history={
		owner = SHK
		add_core_of = SHK
		victory_points = {
			11764 25 
		}
		buildings = {
			infrastructure = 5
			industrial_complex = 1

		}

	}

	provinces={
		149 164 186 212 214 297 300 393 399 436 480 490 502 676 732 764 799 880 915 1048 1088 1179 1289 1350 1369 1498 1499 1540 1595 1732 1739 1800 1821 1957 2060 2093 2097 2216 2226 2381 2493 2500 2505 2517 2604 2683 2704 2708 2731 2815 2817 2830 2884 2943 2953 2992 3005 3018 3126 3132 3270 3294 3342 3502 3584 3646 3655 3707 3712 3774 3818 3821 3860 3873 3889 3930 4006 4098 4102 4249 4269 4385 4389 4480 4638 4651 4716 4852 4907 4982 4995 5051 5063 5109 5113 5175 5180 5228 5234 5379 5380 5381 5405 5424 5437 5450 5466 5478 5556 5571 5642 5687 5728 5765 5799 5804 5825 5977 6032 6120 6130 6135 6141 6153 6172 6188 6190 6195 6210 6275 6299 6351 6363 6450 6544 6583 6601 6606 6619 6620 9625 9638 9655 9658 9660 9667 9690 9695 9702 9708 9718 9728 9738 9763 9767 9770 9775 9784 9788 9791 9813 9814 9815 9816 9817 9821 9836 9837 9838 9840 9844 9862 9867 9875 9883 9903 9906 9907 9920 9934 9940 9945 9964 9965 9967 9974 9980 9992 9999 10006 10010 10014 10031 10036 10037 10038 10039 10040 10043 10052 10066 10067 10077 10081 10087 10092 10093 10094 10099 10106 10111 10113 10117 10119 10120 10128 10129 10137 10143 10149 10154 10159 10165 10170 10177 10191 10198 10204 10215 10225 10228 10231 10237 10238 10242 10247 10249 10251 10262 10270 10272 10273 10283 10284 10297 10306 10318 10319 10320 10327 10351 10354 10359 10365 10369 10380 10387 10397 10401 10423 10430 10435 10439 10440 10450 10456 10460 10470 10477 10478 10485 10494 10501 10510 10518 10533 10551 10567 10575 10610 13773 
	}
	manpower=1000
	buildings_max_level_factor=1.000
	state_category=town
	
}
