state={
	id=154
	name="STATE_154"
	history={
		owner = SUC
		add_core_of = SUC
		victory_points = {
			11764 25
		}
		buildings = {
			infrastructure = 5
			industrial_complex = 1
		}

	}
	provinces={
		12 58 77 155 233 265 410 447 461 530 538 631 642 649 681 703 737 740 741 744 758 786 832 845 858 869 984 1011 1051 1068 1128 1296 1325 1353 1386 1394 1431 1438 1472 1523 1559 1626 1645 1661 1707 1727 1759 1760 1762 1816 1819 1832 1860 1865 1866 1883 1895 1980 1990 1992 2005 2010 2029 2059 2100 2149 2189 2215 2267 2336 2383 2449 2473 2514 2582 2593 2623 2640 2764 2805 2816 2856 2887 2931 2954 2988 2991 3011 3022 3025 3035 3102 3108 3168 3189 3266 3396 3406 3603 3653 3659 3662 3668 3685 3693 3713 3751 3767 3793 3809 3829 3863 3867 3874 3875 3891 3894 3926 3951 3957 4020 4040 4084 4121 4151 4157 4290 4331 4507 4594 4637 4675 4870 5014 5022 5026 5052 5149 5189 5315 5317 5369 5393 5403 5409 5419 5432 5452 5454 5596 5624 5708 5735 5769 5841 5867 5911 5975 6000 6018 6024 6027 6064 6149 6161 6224 6249 6378 6411 6423 6435 6513 6570 6572 6599 11119 11127 11148 11159 11164 11166 11173 11174 11175 11190 11198 11203 11211 11218 11232 11236 11237 11241 11243 11263 11266 11269 11270 11273 11283 11284 11287 11293 11294 11300 11301 11303 11306 11310 11311 11316 11321 11322 11323 11324 11325 11328 11331 11332 11334 11336 11338 11341 11345 11351 11352 11354 11359 11362 11365 11366 11367 11368 11369 11371 11376 11379 11380 11381 11391 11395 11397 11398 11401 11402 11408 11415 11417 11420 11427 11430 11431 11446 11447 11451 11455 11461 11466 11469 11471 11473 11476 11477 11485 11486 11487 11490 11498 11500 11510 11512 11514 11519 11529 11534 11537 11540 11544 11546 11555 11563 11569 11572 11576 11579 11580 11582 11589 11590 11598 11599 11602 11615 11617 11621 11634 11638 11639 11643 11644 11646 11658 11804 11810 13952 13953 13956 
	}
	manpower=1000
	buildings_max_level_factor=1.000
	state_category=town
	local_supplies=0.000
}
