state={
	id=156
	name="STATE_156"
	history={
		owner = SWP
		add_core_of = SWP
		victory_points = {
			11764 25
		}
		buildings = {
			infrastructure = 5
			industrial_complex = 1
		}

	}
	provinces={
		92 249 269 820 957 987 1149 1550 1567 1874 1910 2040 2660 2860 2932 3010 3124 3489 3525 3558 3687 3851 3948 4137 4273 4446 4769 5115 5126 5194 5262 5280 5641 5828 5852 5857 6034 6112 6359 6384 6388 6481 6520 6602 10122 10126 10148 10184 10194 10250 10265 10291 10324 10361 10370 10371 10390 10412 10419 10420 10421 10426 10457 10534 10560 10585 10588 10613 10621 10645 11790 13313 13352 13359 13367 13796 13818 13829 13839 13842 13847 13865 13868 13878 13926 13929 13933 13948 
	}
	manpower=1000
	buildings_max_level_factor=1.000
	state_category=town
	
}
