
state={
	id=158
	name="STATE_158"
	provinces={
		168 190 202 274 349 446 556 586 611 619 637 719 798 999 1022 1113 1220 1267 1337 1405 1415 1439 1469 1522 1542 1551 1585 1609 1613 1633 1770 1795 1824 1904 2261 2299 2301 2311 2329 2384 2386 2401 2435 2489 2501 2759 2804 2888 2957 2963 3121 3156 3225 3253 3332 3445 3552 3606 3607 3722 3935 3967 3995 4106 4139 4162 4263 4289 4294 4354 4382 4475 4501 4589 4620 4630 4676 4761 4784 4828 4868 4979 4992 4994 5183 5195 5198 5267 5343 5426 5429 5442 5468 5512 5553 5554 5601 5634 5743 5810 5821 5843 5879 6068 6225 6337 6369 6461 6462 6550 6551 6595 6629 9511 9519 9540 9576 9581 9596 9597 9606 9607 9613 9617 9631 9641 9649 9662 9663 9669 9687 9699 9709 9714 9715 9731 9739 9744 9751 9752 9760 9761 9773 9781 9782 9810 9823 9824 9827 9832 9842 9845 9846 9848 9863 9893 9913 9921 9924 9929 9947 9955 9970 9989 10000 10001 10017 10025 10045 10046 10055 10058 10072 10083 10089 10096 10102 10123 10127 10144 10168 10172 10180 10185 10197 10201 10217 10252 10258 10279 10294 10316 10343 10348 10356 10362 10372 10377 10399 10405 10413 10436 10506 10535 10546 13681 13688 13696 13709 13723 13732 13745 13749 
	}
	manpower=1000
	buildings_max_level_factor=1.000
	state_category=town
	local_supplies=0.000
}
