
state={
	id=165
	name="STATE_165"

	history={
		owner = SHV
		add_core_of = SHV
		victory_points = {
			3495 1 
		}
		buildings = {
			infrastructure = 5
			industrial_complex = 1

		}

	}

	provinces={
		34 49 68 80 153 192 304 314 318 319 365 369 371 414 449 618 636 689 693 695 723 773 827 932 988 991 1044 1069 1168 1170 1304 1305 1306 1318 1414 1572 1669 1729 1733 1755 1804 1946 1960 2006 2018 2080 2091 2110 2118 2142 2160 2309 2441 2651 2665 2687 2774 2810 2839 2841 2889 2935 3063 3072 3073 3085 3088 3122 3130 3134 3158 3185 3251 3269 3273 3280 3312 3398 3497 3534 3583 3621 3638 3785 3876 3886 3910 3968 3993 3994 4056 4067 4071 4087 4118 4164 4197 4216 4217 4293 4300 4315 4318 4323 4426 4447 4456 4474 4522 4640 4694 4703 4738 4762 4768 4819 4827 4841 4861 4928 4938 4946 5023 5029 5059 5114 5135 5136 5137 5163 5207 5271 5309 5334 5335 5354 5385 5440 5457 5535 5617 5640 5662 5715 5795 5805 5822 5849 5892 5937 5957 5960 5984 5985 5989 6022 6128 6146 6157 6199 6202 6238 6280 6288 6443 6464 6501 6514 6639 6645 10254 10275 10292 10302 10312 10335 10349 10391 10395 10415 10441 10442 10465 10491 10508 10527 10536 10537 10547 10582 10586 10623 10624 10634 10641 10648 10653 10687 10689 10703 10705 10714 10719 10733 10748 10749 10750 10771 10780 10783 10790 10813 10819 10820 10823 10824 10837 10854 10858 10860 10883 10891 10904 10912 10921 10933 10934 10940 10948 10953 10954 10964 10966 10972 10989 11001 11012 11021 11028 11029 11035 11041 11046 11047 11057 11061 11073 11074 11075 11076 11080 11081 11086 11104 11121 11122 11123 11150 11151 11154 11155 11157 11163 11179 11187 11199 11200 11201 11213 11221 11222 11238 11254 11260 11261 11264 11275 11277 11288 11289 11302 11307 11308 11329 11343 11353 11370 11373 11374 11392 11403 11409 11412 11413 11418 11432 
	}
	manpower=1000
	buildings_max_level_factor=1.000
	state_category=town
	
}
