
state={
	id=167
	name="STATE_167"

	history={
		owner = SHV
		add_core_of = SHV
		victory_points = {
			3495 1 
		}
		buildings = {
			infrastructure = 5
			industrial_complex = 1

		}

	}

	provinces={
		20 35 57 116 126 129 136 169 181 211 250 253 284 426 444 491 532 638 679 731 777 829 859 862 883 895 909 985 1006 1034 1039 1219 1284 1316 1454 1504 1563 1574 1667 1699 1724 1773 1849 1857 1877 1951 2154 2234 2290 2394 2451 2631 2642 2686 2712 2769 2812 2846 2876 2877 2952 3028 3029 3100 3155 3159 3192 3276 3335 3376 3380 3413 3429 3433 3435 3613 3622 3634 3649 3654 3675 3692 4037 4043 4075 4082 4104 4141 4298 4313 4339 4374 4486 4558 4560 4577 4643 4820 4859 4896 4953 5034 5042 5047 5089 5145 5158 5312 5320 5382 5522 5536 5551 5569 5599 5602 5742 5791 5793 5885 5972 5981 5993 6078 6127 6136 6173 6209 6215 6316 6332 6398 6429 6469 6485 6487 6503 6579 6586 6625 10540 10557 10594 10595 10614 10643 10670 10686 10747 10770 10779 10812 10822 10848 10868 10889 10890 10903 10911 10916 10926 10952 10962 10987 10988 10996 11064 11072 11085 11090 11097 11120 11145 11149 11162 11168 11171 11197 11249 11295 11304 11326 11337 11386 11387 11406 11411 11424 11428 11435 11437 11438 11443 11449 11456 11459 11468 11474 11479 11480 11493 11494 11495 11504 11515 11517 11520 11524 11530 11532 11538 11545 11548 11553 11565 11568 11581 11588 11601 
	}
	manpower=1000
	buildings_max_level_factor=1.000
	state_category=town
	local_supplies=0.000
}
