state={
	id=169
	name="STATE_169"
	history={
		owner = THM
		add_core_of = THM
		victory_points = {
			11764 25 
		}
		buildings = {
			infrastructure = 5
			industrial_complex = 1

		}

	}
	provinces={
		146 183 293 370 1033 1042 1047 1176 1300 1375 1886 1937 1956 2009 2064 2190 2244 2519 2527 2670 2679 2929 2944 3123 3137 3481 3533 3724 3871 3887 3939 4033 4165 4355 4476 4714 4889 4961 5121 5249 5264 5538 5637 5918 6014 6041 6125 6218 6223 6502 6508 9066 9067 9092 9103 9117 9143 9162 9167 9173 9174 9206 9211 9244 9245 9255 9278 9281 9300 9311 9312 9334 9340 9341 9350 9366 9373 9380 9384 9385 9391 9392 9401 9406 9413 9425 9431 9434 9442 9448 9464 9482 9492 9506 9524 9552 9564 13306 13330 13365 13522 13584 13614 13642 13643 13651 13656 13658 13662 
	}
	manpower=1000
	buildings_max_level_factor=1.000
	state_category=town
	local_supplies=0.000
}
