state={
	id=170
	name="STATE_170"
	history={
		owner = THM
		add_core_of = THM
		victory_points = {
			11764 25 
		}
		buildings = {
			infrastructure = 5
			industrial_complex = 1

		}

	}
	provinces={
		215 373 381 412 830 916 1025 1376 1721 1889 1944 2165 2298 2343 2414 2479 2735 2738 2792 2971 3127 3166 3275 3401 3461 3611 3788 4035 4198 4291 4466 4502 4536 4609 4618 4713 4733 4824 4951 5154 5226 5232 5355 5377 5443 5847 6102 6367 6515 8588 8615 8637 8648 8673 8694 8706 8723 8726 8727 8742 8753 8754 8768 8771 8789 8793 8809 8817 8818 8827 8832 8833 8852 8854 8869 8876 8878 8879 8888 8897 8901 8911 8915 8926 8927 8954 8960 8970 8978 8986 8988 8993 9023 9027 9046 
	}
	manpower=1000
	buildings_max_level_factor=1.000
	
	state_category = town
}
