state={
	id=171
	name="STATE_171"
	history={
		owner = THM
		add_core_of = THM
		victory_points = {
			11764 25 
		}
		buildings = {
			infrastructure = 5
			industrial_complex = 1

		}

	}
	provinces={
		286 313 328 477 499 527 682 817 963 1125 1207 1263 1342 1973 2406 2469 2674 2730 2895 2922 3038 3061 3169 3237 3797 4441 4702 4728 4789 4858 4872 5434 5581 5720 5808 5844 5933 5940 6007 6020 6067 6111 6362 6471 8930 8972 8989 9032 9041 9049 9068 9084 9085 9091 9104 9130 9131 9133 9175 9193 9217 9224 9241 9242 9262 9263 9269 9307 9313 9323 9355 9377 9386 9414 9426 9443 9457 13336 13600 
	}
	manpower=1000
	buildings_max_level_factor=1.000
	state_category=town
	
}
