
state={
	id=172
	name="STATE_172"
	history={
		owner = SHM
		add_core_of = SHM
		victory_points = {
			11764 25 
		}
		buildings = {
			infrastructure = 5
			industrial_complex = 1

		}

	}
	provinces={
		216 241 366 609 925 1265 1427 1829 2108 2323 2364 2440 2572 2892 3036 3054 3227 3453 3543 3630 3980 5159 5275 5324 5348 5510 5533 5784 5826 5966 6089 6229 6297 6355 6582 9254 9273 9283 9298 9299 9305 9376 9411 9412 9467 9471 9472 9485 9505 9526 9534 9535 9571 9679 9721 9768 13507 13517 13521 13528 13554 13578 13582 13599 13608 13613 13619 13634 13645 13647 
	}
	manpower=1000
	buildings_max_level_factor=1.000
	state_category=town
	
}
