
state={
	id=175
	name="STATE_175"

	history={
		owner = THN
		add_core_of = THN
		victory_points = {
			3495 1 
		}
		buildings = {
			infrastructure = 5
			industrial_complex = 1

		}

	}

	provinces={
		46 87 194 244 260 324 450 497 539 600 658 696 800 813 937 986 1009 1061 1178 1221 1227 1272 1294 1408 1421 1429 1445 1451 1481 1520 1527 1562 1577 1592 1728 1805 1918 1927 1930 1953 1964 1985 2030 2033 2066 2076 2087 2182 2196 2255 2302 2308 2471 2481 2506 2583 2612 2661 2667 2684 2748 2813 2894 3000 3095 3103 3213 3255 3320 3451 3514 3520 3564 3597 3657 3681 3698 3699 3766 3779 3784 3794 3824 3989 4032 4135 4205 4207 4297 4303 4345 4398 4402 4514 4520 4553 4563 4571 4581 4663 4741 4817 4833 4892 4897 4986 4996 5003 5037 5073 5079 5204 5240 5412 5490 5540 5547 5564 5661 5790 5800 5939 6139 6164 6221 6274 6282 6296 6300 6427 6476 6494 6505 6517 6548 6577 6648 7721 7730 7731 7746 7770 7791 7806 7807 7810 7813 7832 7833 7842 7849 7857 7863 7873 7887 7891 7893 7899 7916 7921 7926 7931 7932 7935 7950 7956 7960 7961 7981 7982 7989 7993 7996 8002 8006 8007 8009 8015 8020 8026 8035 8038 8039 8044 8045 8059 8062 8065 8066 8070 8086 8087 8089 8104 8115 8134 8135 8138 8157 8160 8166 8180 8192 8194 8199 8208 8214 8220 8221 8222 8223 8237 8238 8248 8249 8262 8263 8276 8277 8285 8288 8310 8317 8325 8350 8360 8372 8390 8415 8416 8425 8430 8441 8450 8451 8452 8453 8469 8471 8487 8502 8511 8529 8530 8536 8546 8550 8551 8555 8567 8577 8581 8585 8586 8608 8613 8620 8630 8640 8644 8645 8687 8718 8721 8741 13408 
	}
	manpower=1000
	buildings_max_level_factor=1.000
	state_category=town
	local_supplies=0.000
}
