
state={
	id=181
	name="STATE_181"

	history={
		owner = SWP
		add_core_of = SWP
		victory_points = {
			11764 25 
		}
		buildings = {
			infrastructure = 5
			industrial_complex = 1

		}

	}

	provinces={
		263 1249 1377 1383 1672 2122 2164 2595 2791 3046 3064 4101 4881 4926 5168 5184 5197 5274 5934 6207 6349 10171 10200 10221 10235 10240 10243 10244 10264 10274 10285 10290 10300 10314 10340 10341 10355 10376 10389 10398 10452 10479 10480 10502 10522 13332 13776 13801 13808 13811 13812 13813 13814 13815 13817 13821 13822 13825 13826 13831 13832 13834 13835 13836 13837 13838 13840 13841 13844 13846 13848 13851 13856 13857 13858 13859 13862 13864 13866 13867 13871 13872 13875 13877 13879 13880 13881 13882 13884 13885 13888 13889 13891 13892 13894 13895 13896 13898 13908 13911 13912 
	}
	manpower=1000
	buildings_max_level_factor=1.000
	state_category=town
	local_supplies=0.000
}
