
state={
	id=183
	name="STATE_183"

	history={
		owner = SWP
		add_core_of = SWP
		victory_points = {
			11764 25 
		}
		buildings = {
			infrastructure = 5
			industrial_complex = 1

		}

	}

	provinces={
		7 429 2120 2464 2492 3344 4026 4359 4751 4898 6445 6603 9267 9275 9292 9309 9317 9348 9359 9371 9389 9404 9432 9538 9546 13301 13302 13304 13363 13508 13514 13515 13519 13529 13532 13533 13534 13536 13537 13538 13539 13545 13546 13551 13552 13555 13558 13559 13564 13566 13567 13568 13571 13572 13579 13583 13589 13590 13591 13592 13593 13596 13597 13601 13620 13621 13624 13629 13636 13637 13640 13646 13648 13653 13657 13664 13666 13667 13670 13671 13674 13676 
	}
	manpower=1000
	buildings_max_level_factor=1.000
	state_category=town
	local_supplies=0.000
}
