
state={
	id=186
	name="STATE_186"

	history={
		owner = SWP
		add_core_of = SWP
		victory_points = {
			11764 25 
		}
		buildings = {
			infrastructure = 5
			industrial_complex = 1

		}

	}

	provinces={
		178 227 524 739 1024 1058 2117 2940 3115 3162 3303 3615 3854 4482 4605 4673 4707 5083 6212 6366 9462 9504 9661 9697 9698 9713 9759 9786 9847 9881 9889 9890 9897 10054 10121 10147 10216 13293 13381 13383 13556 13604 13615 13616 13625 13633 13639 13655 13684 13687 13692 13694 13697 13700 13705 13712 13721 13724 13725 13728 13729 13730 13731 13735 13736 13774 13775 13784 13787 13788 13789 13793 13794 13795 13802 13806 13807 13809 
	}
	manpower=1000
	buildings_max_level_factor=1.000
	state_category=town
	
}
