state={
	id=188
	name="STATE_188"
	history={
		owner = UNC
		add_core_of = UNC
		victory_points = {
			3495 1 
		}
		buildings = {
			infrastructure = 5
			industrial_complex = 1
		}

	}
	provinces={
		2 5 132 138 409 528 602 881 974 1099 1140 1243 1625 1642 1771 1814 2171 2403 2482 2589 2639 2825 3048 3138 3187 3283 3374 3421 3571 3627 3950 4086 4150 4239 4735 4754 4848 5049 5082 5199 5222 5255 5472 5479 5484 5513 5794 5919 5929 5965 6134 6266 6298 6346 6460 6549 8294 8302 8303 8308 8336 8340 8378 8386 8392 8410 8442 8464 8478 8489 8497 8504 8531 8559 8578 8596 8604 8605 8643 8689 8695 8696 8700 8719 8737 8746 8760 8794 8823 8846 8860 8895 
	}
	manpower=1000
	buildings_max_level_factor=1.000
	
	state_category = town
}
