state={
	id=190
	name="STATE_190"
	provinces={
		309 378 456 545 768 1014 1122 1330 1687 1730 1958 2071 2128 2131 2560 2703 2729 2985 3143 3198 3384 3904 4285 4454 4548 4646 4657 4671 4732 4755 4778 5064 5276 5329 5346 5475 5528 5694 5904 5959 6035 6227 6441 6491 8994 9011 9024 9033 9050 9053 9054 9058 9063 9075 9093 9105 9121 9139 9140 9147 9157 9163 9164 9176 9185 9209 9270 9286 9287 9314 9319 9342 9345 9356 9374 9381 9396 9407 9408 9438 
	}
	manpower=1000
	buildings_max_level_factor=1.000
	local_supplies=0.000
	state_category = town
}
