
state={
	id=192
	name="STATE_192"
	provinces={
		29 251 368 374 540 917 934 1017 1081 1172 1225 1303 1442 1510 1764 1791 1863 1991 2001 2039 2111 2220 2331 2433 2809 3196 3351 3361 3410 3496 3605 3635 3965 3992 4011 4174 4428 4752 4836 5070 5221 5223 5251 5294 5331 5818 6046 6072 6233 6265 6345 6448 6457 6489 6547 6636 8573 8589 8601 8606 8655 8681 8690 8712 8720 8728 8729 8743 8750 8755 8769 8804 8828 8838 8839 8840 8861 8882 8898 8906 8923 8924 8931 8936 8946 8955 8956 8979 13438 13442 13457 13460 
	}
	manpower=1000
	buildings_max_level_factor=1.000
	state_category=town
	
}
