
state={
	id=194
	name="STATE_194"
	history={
		owner = REA
		add_core_of = REA
		victory_points = {
			11764 25 
		}
		buildings = {
			infrastructure = 5
			industrial_complex = 1

		}

	}
	provinces={
		340 451 579 598 725 733 752 812 905 912 938 956 1003 1050 1110 1255 1273 1335 1381 1422 1492 1519 1571 1636 1639 1679 1777 1811 1843 1896 1948 2200 2339 2340 2359 2439 2461 2498 2578 2880 2896 2967 3205 3499 3591 3640 3678 3740 3744 3817 3837 3927 3986 4064 4078 4081 4142 4277 4301 4307 4364 4492 4557 4632 4753 4765 4866 4904 4912 5239 5269 5325 5336 5345 5565 5608 5630 5665 5689 5716 5761 5838 5864 5872 5907 6314 6370 6452 6496 6498 6617 9106 9132 9141 9144 9168 9180 9199 9212 9230 9247 9257 9264 9279 9301 9315 9339 9351 9364 9369 9397 9402 9418 9427 9439 9449 9450 9458 9478 9483 9508 9509 9512 9515 9523 9528 9532 9541 9542 9559 9565 9566 9574 9586 9615 9624 9633 9648 9654 9680 9692 9693 9722 9725 9726 9737 9756 9757 9766 9787 9795 9798 9839 9857 9858 13660 
	}
	manpower=1000
	buildings_max_level_factor=1.000
	state_category=town
	
}
