
state={
	id=198
	name="STATE_198"
	history={
		owner = CBR
		add_core_of = CBR
		victory_points = {
			11764 25 
		}
		buildings = {
			infrastructure = 5
			industrial_complex = 1

		}

	}
	provinces={
		243 308 322 558 674 701 754 775 797 884 887 981 1769 1776 1982 2034 2081 2133 2173 2304 2513 2625 2688 2819 2903 2959 3008 3083 3113 3231 3305 3431 3604 3614 3689 3737 3812 4010 4053 4396 4458 4487 4720 4790 4919 4971 5504 5620 5695 5949 6039 6099 6140 6467 6589 10035 10069 10152 10153 10189 10211 10214 10223 10256 10260 10304 10326 10332 10400 10407 10448 10454 10455 10459 10499 10514 10543 10571 10598 10616 10625 10631 10635 10655 10656 10665 10680 10709 10757 10797 10801 10827 10828 10834 13768 13792 13852 13855 13886 13887 13905 13939 13942 13947 
	}
	manpower=1000
	buildings_max_level_factor=1.000
	state_category=town
	local_supplies=0.000
}
