
state={
	id=199
	name="STATE_199"
	history={
		owner = SKB
		add_core_of = SKB
		victory_points = {
			11764 25 
		}
		buildings = {
			infrastructure = 5
			industrial_complex = 1

		}

	}
	provinces={
		39 134 285 331 388 455 594 597 660 759 875 951 1066 1117 1118 1269 1412 1430 1455 1608 1726 1743 1792 1862 1943 1977 1997 2231 2422 2425 2602 2655 2675 2833 2872 2933 3060 3106 3114 3180 3194 3233 3264 3311 3358 3375 3390 3404 3813 3940 3963 3990 4002 4066 4073 4516 4647 4659 4677 4687 4695 4910 5143 5146 5176 5206 5339 5389 5394 5422 5456 5537 5567 5622 5660 5670 5830 5860 5873 5930 5932 6106 6159 6163 6191 6234 6257 6327 6340 6401 6421 6473 6480 10337 10379 10382 10383 10392 10408 10416 10433 10437 10438 10466 10471 10472 10473 10481 10482 10488 10492 10509 10524 10528 10529 10538 10539 10548 10552 10562 10569 10579 10580 10583 10590 10596 10603 10607 10615 10628 10629 10630 10637 10638 10639 10654 10659 10663 10671 10683 10688 10690 10694 10695 10701 10706 10707 10720 10734 10736 10751 10755 10756 10764 10765 10784 10795 10800 10808 10841 10842 10861 10877 10888 10917 10958 10959 10980 10994 11013 11015 11052 11093 13943 13944 13946 13949 
	}
	manpower=1000
	buildings_max_level_factor=1.000
	state_category=town
	
}
