state={
	id=201
	name="STATE_201"
	history={
		owner = ANT
		add_core_of = ANT
		victory_points = {
			11764 25 
		}
		buildings = {
			infrastructure = 5
			industrial_complex = 1

		}

	}
	provinces={
		843 1116 1293 1972 2031 2044 2124 2126 2242 2380 3096 3261 3709 3728 3844 4107 4192 4262 4288 4421 4636 4941 5074 5318 5496 5664 5677 6150 6323 6442 6643 9741 9852 9864 9915 9923 9926 9958 9962 10003 10011 10018 10051 10059 10085 10100 10104 10107 10131 10135 10190 10227 10344 13737 13739 13750 13752 13753 13758 13766 13767 13772 13781 13783 13785 13791 13797 13800 13805 
	}
	manpower=1000
	buildings_max_level_factor=1.000
	state_category=town
	local_supplies=0.000
}
