state={
	id=203
	name="STATE_203"
	history={
		owner = ANT
		add_core_of = ANT
		victory_points = {
			11764 25 
		}
		buildings = {
			infrastructure = 5
			industrial_complex = 1

		}

	}
	provinces={
		531 548 557 567 672 1371 1735 1925 2013 2448 2697 3070 3093 3171 3267 3466 3544 3815 4024 5150 5314 5384 5444 5517 5648 5731 5776 5787 5833 6097 6108 6148 6276 6495 9444 9496 9507 9522 9525 9530 9531 9578 9582 9583 9584 9585 9589 9610 9614 9623 9632 9652 9653 9665 9670 9682 9688 9710 9717 9742 9783 9819 9822 13345 13351 13382 13628 13635 13644 13668 13691 
	}
	manpower=1000
	buildings_max_level_factor=1.000
	state_category=town
	local_supplies=0.000
}
