state={
	id=208
	name="STATE_208"
	history={
		owner = SUC
		add_core_of = SUC
		victory_points = {
			11764 25
		}
		buildings = {
			infrastructure = 5
			industrial_complex = 1
		}

	}
	provinces={
		185 501 634 779 851 896 966 1145 1251 1283 1614 1678 1715 1850 1970 2028 2445 2466 2543 2745 3007 3228 3236 3299 3357 3447 3557 3733 3768 3819 3820 3849 4209 4223 4309 4346 4597 4807 5111 5123 5224 5261 5497 5584 5666 5703 5771 5854 6609 6649 10731 10778 10816 10821 10833 10836 10852 10876 10882 10897 10910 10924 10930 10932 10944 10945 10951 10961 10965 10970 10983 10993 10995 11006 11007 11018 11019 11032 11033 11039 11054 11055 11066 11067 11078 11089 11092 11102 11103 11110 11118 11143 11144 11191 
	}
	manpower=1000
	buildings_max_level_factor=1.000
	
	state_category = town
}
