state={
	id=224
	name="STATE_224"
	history={
		owner = TST
		add_core_of = TST
		buildings = {
			infrastructure = 1
		}

	}
	impassable = yes
	provinces={
		238 252 1488 1500 1521 1561 1573 1617 1619 1654 1673 1676 1686 1690 1691 1692 1697 1700 1723 1747 1798 1806 1841 1855 1864 1870 1906 1932 1945 1947 1963 2000 2042 2048 2049 2063 2074 2090 2113 2127 2145 2170 2209 2218 2219 2221 2227 2233 2240 2270 2274 2286 2300 2333 2334 2342 2365 2372 2374 2385 2392 2395 2431 2444 2486 2511 2524 2531 2545 2556 2570 2592 2594 2601 2633 2656 2663 2709 2714 2725 2736 2782 2802 2811 2822 2845 2862 2867 2885 2939 2980 2995 3019 3045 3050 3059 3074 3087 3105 3139 3173 3182 3188 3197 3217 3230 3235 3239 3250 3260 3359 3365 3391 3393 3419 3424 3442 3450 3465 3475 3542 3549 3585 3588 3608 3666 3676 3686 3690 3717 3748 3778 3825 3838 3852 3861 3880 3884 3929 3931 3943 3947 3956 3973 3978 3996 4049 4060 4113 4127 4136 4145 4170 4188 4222 4225 4242 4247 4295 4336 4371 4407 4425 4436 4443 4506 4512 4517 4550 4564 4566 4578 4612 4613 4635 4653 4665 4669 4730 4766 4774 4814 4826 4847 4869 4882 4899 4909 4922 4933 4948 4966 4988 5000 5017 5032 5036 5048 5050 5054 5060 5061 5084 5092 5095 5101 5116 5139 5155 5156 5182 5193 5201 5203 5220 5238 5284 5313 5316 5330 5332 5344 5352 5353 5358 5361 5362 5363 5410 5438 5495 5523 5543 5559 5579 5611 5653 5684 5704 5732 5752 5757 5768 5796 5802 5809 5829 5866 5869 5891 5905 5925 5926 5962 5990 5991 5992 6003 6015 6043 6155 6180 6192 6291 6303 6310 6312 6322 6413 6431 6439 6486 6510 6521 6538 6552 6556 6578 6588 6593 6621 6623 6634 6635 6718 6719 6732 6739 6756 6757 6766 6767 6784 6794 6795 6796 6797 6809 6814 6821 6822 6837 6841 6849 6850 6857 6858 6859 6862 6874 6880 6883 6886 6891 6895 6898 6899 6910 6915 6926 6931 6932 6939 6942 6953 6959 6962 6966 6983 6985 6990 7000 7001 7002 7003 7012 7016 7019 7026 7029 7030 7038 7039 7050 7060 7068 7070 7081 7082 7086 7091 7092 7102 7107 7108 7109 7124 7128 7143 7146 7147 7150 7151 7154 7163 7179 7180 7184 7185 7196 7198 7199 7201 7206 7207 7216 7217 7220 7223 7224 7228 7229 7230 7233 7243 7245 7254 7255 7264 7268 7269 7281 7292 7293 7310 7314 7317 7318 7320 7321 7328 7335 7337 7341 7343 7349 7352 7356 7364 7369 7376 7377 7383 7390 7392 7401 7404 7410 7421 7426 7429 7430 7441 7448 7453 7459 7463 7481 7482 7488 7501 7505 7508 7511 7515 7522 7526 7537 7538 7541 7542 7546 7554 7556 7557 7558 7568 7578 7581 7591 7595 7611 7615 7634 7636 7663 7664 7670 7671 7672 7697 7700 7706 7715 7745 7761 7762 7768 7776 7777 7802 7803 7838 7850 7859 7875 7883 7904 7919 7945 7948 7963 7965 7979 7994 8010 8021 8041 8047 8068 8081 8124 8173 8204 8420 9002 9124 9152 9153 9172 9183 9189 9197 9204 9232 9246 9250 9252 9260 9261 9268 9271 9280 9289 9291 9293 9294 9295 9303 9304 9310 9318 9322 9332 9344 9360 9361 9362 9365 9368 9383 9388 9390 9405 9410 9416 9421 9436 9441 9454 9463 9470 9484 9494 9495 9517 9518 9521 9533 9537 9562 9570 9602 9605 9612 9639 9640 9646 9674 9676 9678 9686 9696 9703 9712 9720 9735 9771 9780 9785 9792 9793 9807 9809 9818 9826 9851 9860 9861 9865 9882 9885 9891 9896 9900 9904 9936 9941 9952 9961 9982 9987 10002 10027 10041 10084 10088 10133 10140 10161 10162 10166 10167 10199 10206 10232 10257 10263 10277 10278 10286 10308 10310 10315 10334 10347 10381 10404 10432 10496 10545 10587 10602 10605 10693 10829 11667 11668 11669 11670 11671 11672 11673 11675 11677 11679 11680 11681 11682 11683 11684 11686 11687 11688 11689 11690 11691 11692 11693 11694 11696 11697 11698 11699 11700 11701 11702 11703 11704 11705 11706 11707 11710 11712 11713 11714 11715 11718 11719 11721 11722 11723 11725 11726 11727 11728 11729 11730 11731 11732 11735 11737 11738 11739 11741 11742 11743 11744 11745 11746 11747 11748 11750 11751 11752 11753 11754 11755 11756 11761 11762 11763 11765 11767 11768 11769 11771 11772 11773 11774 11775 11777 11780 11781 11782 11783 11784 11785 11786 11787 11788 11789 11791 11792 11793 11794 11795 11796 11797 11798 11799 11800 11802 11803 11805 11806 11807 11808 11809 11811 13544 
	}
	manpower=1
	buildings_max_level_factor=1.000
	state_category=wasteland
}
