
state={
	id=23
	name="STATE_23"

	history={
		owner = WHV
		add_core_of = WHV
		victory_points = {
			3495 1 
		}
		buildings = {
			infrastructure = 5
			industrial_complex = 1

		}

	}

	provinces={
		137 150 191 199 296 354 578 708 763 857 1233 1274 1649 1713 1741 1748 1894 1915 2264 2287 2318 2382 2508 2523 2549 2646 2652 2706 2722 2854 2994 3240 3242 3246 3287 3430 3437 3538 3594 3898 4177 4224 4306 4342 4357 4375 4547 4607 5010 5122 5187 5188 5287 5461 5678 5945 5956 6029 6237 8375 8376 8388 8393 8435 8465 8472 8490 8498 8509 8515 8516 8519 8528 8541 8545 8565 8569 8579 8590 8602 8607 8616 8621 8622 8623 8625 8627 8628 8652 8658 8659 8663 8664 8671 8674 8683 8684 8691 8697 8698 8708 8709 8724 8725 8730 8738 8765 8779 8780 8791 8796 8805 8810 8812 8819 8856 8858 8880 8883 8889 13449 13450 13458 
	}
	manpower=1000
	buildings_max_level_factor=1.000
	state_category=town
	local_supplies=0.000
}
