state={
	id=56
	name="STATE_56"
	history={
		owner = THM
		add_core_of = THM
		victory_points = {
			11764 25 
		}
		buildings = {
			infrastructure = 5
			industrial_complex = 1

		}

	}
	provinces={
		209 230 564 573 651 707 788 1008 1030 1120 1352 1399 1525 1638 1783 1815 1837 1861 1875 1928 2067 2070 2086 2251 2390 2551 2559 2695 2864 2970 3282 3324 3415 3643 3731 3739 3754 3795 3925 4111 4320 4674 4810 4811 4932 5297 5299 5357 5575 5635 5778 5782 5832 5853 5909 6008 6198 6239 6478 6597 8688 8693 8704 8705 8714 8745 8778 8784 8792 8798 8808 8811 8837 8845 8851 8853 8868 8887 8894 8969 8977 9006 9010 9016 9021 9043 9052 9076 9077 9120 9123 9125 9142 9146 9160 9184 9192 9216 9234 9284 9285 9306 9330 9379 9417 9423 9424 9447 9477 9481 9499 9520 
	}
	manpower=1000
	buildings_max_level_factor=1.000
	state_category=town
	local_supplies=0.000
}
