state={
	id=64
	name="STATE_64"
	history={
		owner = SHM
		add_core_of = SHM
		victory_points = {
			11764 25 
		}
		buildings = {
			infrastructure = 5
			industrial_complex = 1

		}

	}
	provinces={
		124 949 1144 2402 2558 3416 3508 3589 3636 4439 4500 4508 4532 4750 5383 5656 6083 6281 6430 6474 6519 9116 9154 9203 9222 9223 9240 9251 9272 9282 9321 9325 9333 9354 9363 9372 9395 9422 9446 9456 9475 9476 9480 9490 9491 9498 9529 9551 13468 13471 13472 13473 13476 13477 13482 13483 13485 13486 13487 13490 13492 13497 13498 13499 13501 13502 13505 13509 13511 13512 13516 13520 13523 13526 13535 13541 13543 13549 13550 13563 13570 13573 13574 13575 13577 13580 13581 13602 13606 13607 13610 13617 13618 
	}
	manpower=1000
	buildings_max_level_factor=1.000
	state_category=town
	
}
