state={
	id=89
	name="STATE_89"
	history={
		owner = SEE
		add_core_of = SEE
		victory_points = {
			11764 25 
		}
		buildings = {
			infrastructure = 5
			industrial_complex = 1

		}

	}
	provinces={
		48 114 204 207 217 224 358 498 644 709 712 865 872 1012 1046 1111 1416 1477 1505 1511 1514 1908 1976 2035 2061 2141 2225 2421 2462 2490 2535 2765 2835 2836 3119 3345 3349 3443 3458 3601 3705 3781 3801 3999 4625 4806 4850 5056 5342 5375 5449 5657 5668 5676 5835 6194 6271 6374 6394 6434 6477 6613 6615 11037 11107 11111 11158 11204 11235 11247 11248 11265 11281 11333 11349 11378 11384 11389 11414 11416 11426 11434 11442 11450 11463 11465 11482 11502 11505 11525 11528 11536 11556 11561 11585 11597 11610 11613 
	}
	manpower=1000
	buildings_max_level_factor=1.000
	
	state_category = town
}
