
state={
	id=99
	name="STATE_99"
	history={
		owner = SKB
		add_core_of = SKB
		victory_points = {
			11764 25 
		}
		buildings = {
			infrastructure = 5
			industrial_complex = 1

		}

	}
	provinces={
		102 242 339 402 757 975 992 1533 1568 1605 1796 1942 2008 2079 2151 2349 2456 2504 2509 2566 2650 3052 3211 3800 3914 3960 4031 4038 4065 4631 4650 4700 4705 4835 5147 5186 5248 5423 5453 5696 5814 6320 6618 6646 10210 10281 10321 10331 10342 10346 10375 10394 10434 10444 10447 10468 10483 10486 10489 10498 10503 10511 10520 10530 10531 10542 10553 10554 10565 10570 10581 10597 10604 10608 10644 10649 10664 10677 10691 10708 10721 10826 
	}
	manpower=1000
	buildings_max_level_factor=1.000
	state_category=town
	
}
